0,447
0,446
0,445
0,444
0,443
50,6
50,5
50,4
50,3
50,2
0,442
50,1
50,0
0,441
0,440
0,439
49,3
49,2
0,438
49,1
49,0
0,437
0,436
0,435
48,3
48,2
0,434
48,1
48,0
0,433
0,432
0,431
47,3
47,2
0,430
47,1
47,0
0,429
0,428
0,427
0,426
0,425
0,424
0,423
0,422
0,421
38,0
0,420
0,419
0,418
0,417
0,416
0,415
0,414
0,413
38,2
0,412
0,411
0,410
0,409
0,408
0,407
0,406
0,405
46,6
46,5
46,4
46,3
46,2
0,404
46,1
46,0
0,403
0,402
0,401
45,3
45,2
0,400
45,1
45,0
0,399
0,398
0,397
44,6
44,5
44,4
44,3
44,2
44,1
44,0
43,3
43,2
43,1
43,0
35,2
37,0
0,396
0,395
0,394
0,278
0,9
